O1 = 3.1;
O2 = 9.5;
O3 = 0.24;
O4 = 0.77;
G = 9.81;

U1 = 0;
U2 = 0;